3175680011480
8000500310427
3168930010265
7613034626844
3760020507350
3229820019307
3228857000166
8001505005592
3029330022428
5410041001204
3229820129488
3608580065340
3046920022651
3033490004521
8002270014901
3017620422003
7622210449283
5449000214911
3017620425035
5449000214799
7613036669498
8711327373105
3159470000120
3045140105502
8000430138719
8480000142139
8000500037560
5053990155354
5411188103387
3168930009184
3033710084913
3327272107259
7622300336738
7612100066317
7622201133337
3228021170046
20266394
3033710065967
3329770077003
3155251205296
3073781149838
5000159461122
5053990138722
8711200548002
20003166
8076809513753
7613036669146
8480000168832
8715700407760
8076809513722
7613035937420
7613035144699
40896243
3033710065783
80042556
3019081238643
5060088707685
7613035676497
3366321052386
3168930008958
3387390326574
8712100338694
3033491485756
3175680011534
3095757697105
7614500010013
4056489216162
8076809529419
5053827192699
3366321051983
3770008009653
3033491704642
7622300441937
3092718627850
3329757002998
7613032655495
3088542500285
5000112546415
3033491279713
5000159407236
3504182920011
7613034947611
3033710065066
9002490205973
3248340054063
5449000267412
3366321051686
3249760000654
5000159492737
3168930002987
3336971209133
3159470001424
3387390019995
3073781131888
8076802085738
20019907
3502110008459
8000500310397
3159470005071
8480000094513